648356
100
24526	15723
16753	15709
608562	65664
857451	657270
15059	691524
24526	15737
65216	657233
25415	657232
853646	93010
15051	657312
15958	874037
652782	15065
26163	652737
15066	65666
16768	657319
652795	37330
24385	657319
85460	888805
652788	725593
58578	724633
65216	547807
16936	645365
15673	24770
652781	643062
641621	65181
15715	15723
15710	15717
648352	15055
15057	53146
19147	850911
15700	643076
884455	15726
648348	643085
657328	657336
65670	840132
16754	657350
16768	18047
640291	65671
653602	16281
65212	606356
16847	24487
642950	24661
16937	15065
91305	53166
652773	18169
640697	657311
657316	771085
15716	15723
887166	657319
25368	53168
808506	25366
608541	65675
657321	657300
645414	15713
46206	657317
19149	608555
15674	15765
645709	15719
25366	17160
24532	547574
25396	53150
652784	24523
19177	888121
893015	46220
893015	15695
65182	691716
25424	15068
465530	725325
15676	15715
643109	657311
652795	641293
534406	873907
857453	657269
887166	58578
16258	65670
16033	850824
724621	534409
850747	27561
904610	643078
16852	15669
725382	657233
691898	53130
641609	15068
25818	850891
643091	796779
27322	65674
725332	24501
15682	645752
15717	759321
657311	808474
652809	13420
884131	93107
652776	15067
884131	15053
643097	822812
25819	516310
25412	854701
850889	24545
850761	16046
547789	643061