923294
100
851075	852605
581592	543565
550543	684761
684835	24174
50012	490568
550907	550766
684928	644813
51633	802024
684921	83651
548316	644774
908597	79994
684921	461861
548309	14943
548305	14981
594760	684745
684922	874155
684946	699281
24779	923272
16356	718133
594297	660475
550586	29564
550658	550767
550934	908599
684687	684961
643006	853485
684960	739038
684922	830159
684927	40882
675375	51628
684600	581595
684928	550849
684966	51630
684922	740327
16357	14938
684944	803299
13415	13428
550904	644773
684770	684939
684764	684925
684925	51670
641589	65667
51633	581650
675380	684715
851223	684919
550543	684966
684672	50090
684775	684914
488408	503381
684931	644794
14927	543819
662528	908589
684930	874274
684946	740333
684552	38383
718131	594756
874363	482843
16352	49741
468710	876579
550884	874243
487892	497923
684782	550721
773824	685015
684927	773842
40928	50125
594800	643002
684936	938663
550906	593808
16347	737822
737832	644763
684764	51628
684792	684966
684764	908589
51628	803507
773804	684752
684780	51591
13428	854742
51669	739084
14965	16358
51669	576513
14971	737855
593833	841009
548366	550647
684939	581590
643283	803226
550657	550451
50019	550765
908594	80253
684932	550778
740328	40802
908597	684909
550732	593718
550903	92836
13429	851234
14965	737823
684822	214537
684951	643002
550779	496015
550582	76641
718133	552287
684927	644773