50001
50
684974	684738
684663	577476
684791	652521
644813	14937
644773	49998
684925	644746
684922	644765
908466	40804
51669	854597
684946	684974
644750	740333
550543	644773
548316	80019
684519	14962
684793	40912
550940	685006
644739	740339
684922	14980
550941	644742
684928	684809
644739	548418
684925	657452
644741	79991
550543	685000
684928	644795
50005	684922
684821	644791
69212	80019
684925	644750
684674	874088
644787	684879
594029	643015
684837	874331
684921	644736
841029	684891
874220	485111
684943	684744
684931	644766
684966	684718
684671	14980
13403	644799
548303	79987
684775	641291
684825	681204
550543	644764
550543	485649
684933	684792
684925	908668
644756	50026
684943	684762